2
271
0
61
10
73
4
21
4
19
4
16
7
132
6
51
9
22
2
189
6
57
1
207
3
248
0
95
9
269
10
26
6
5
2
100
10
173
9
107
7
75
4
74
5
258
6
223
2
7
5
81
7
295
3
107
8
146
5
67
9
222
7
211
6
259
9
39
5
148
10
72
8
259
10
262
8
178
10
139
2
167
9
111
0
266
9
50
5
143
10
56
3
46
4
265
9
276
7
168
10
189
0
181
3
230
4
61
9
290
0
94
5
79
0
143
3
79
7
291
7
163
0
199
4
31
10
263
2
265
0
152
5
185
9
205
3
294
2
76
7
10
10
118
5
212
4
247
2
109
6
35
3
34
7
261
2
299
9
147
1
217
8
256
2
132
7
288
5
86
2
120
1
164
4
107
5
181
8
159
3
244
6
147
9
21
10
172
10
209
10
197
8
10
1
250
0
18
9
82
0
47
3
94
1
28
4
32
5
91
5
28
9
108
0
222
3
223
6
41
3
262
10
69
2
178
2
186
1
80
9
61
4
258
4
31
10
161
6
221
4
144
0
24
8
260
9
234
3
58
9
234
1
150
8
23
2
59
5
55
9
234
0
209
9
263
4
221
2
203
0
208
3
24
7
39
0
153
7
165
10
221
3
35
4
207
6
109
3
226
6
111
8
188
4
281
8
161
6
206
1
55
1
76
10
162
1
41
0
93
3
3
1
205
7
288
10
216
4
39
5
177
5
76
3
223
10
141
4
271
5
252
9
231
7
57
4
68
2
226
8
252
5
121
10
116
10
93
4
99
8
33
2
12
7
221
9
251
2
179
6
278
1
196
3
182
4
212
4
48
10
25
7
64
9
218
10
146
3
207
6
88
10
236
8
87
5
114
10
147
0
292
6
245
10
172
7
299
3
191
